MsgID.LOCAL_POSITION,27072,0.4989443,-0.5020820,-0.0148576
MsgID.ATTITUDE,27125,-0.5974833,-1.0159166,0.0212599,0.8365139036282055,-0.25220131722316075,-0.46755802128195206,-0.13427018046651043
MsgID.LOCAL_POSITION,27172,0.4996644,-0.5019426,-0.0175986
MsgID.ATTITUDE,27225,-0.4613693,-1.5642430,0.0013843,0.6907388443784883,-0.1617297318355135,-0.6862284085267107,-0.16066709071238275
MsgID.LOCAL_POSITION,27272,0.4995553,-0.5020947,-0.0182042
MsgID.ATTITUDE,27325,-0.4734554,-1.4864099,-0.0025037,0.7155694290163253,-0.17350335245873183,-0.6575631238895535,-0.15958608035616018
MsgID.LOCAL_POSITION,27372,0.5002775,-0.5018642,-0.0166752
MsgID.ATTITUDE,27425,-0.5289726,-1.0545599,0.0152229,0.8351058066707633,-0.22220472068816713,-0.48739273929720867,-0.12518654659759051
MsgID.LOCAL_POSITION,27472,0.4989733,-0.5023253,-0.0213009
MsgID.LOCAL_VELOCITY,27483,-0.0208449,0.0050776,0.0244176
MsgID.ATTITUDE,27525,-0.4031754,-0.9767383,0.0200726,0.8661156069126676,-0.17219631164165294,-0.46143668210413946,-0.08525476014883637
MsgID.LOCAL_POSITION,27572,0.4989354,-0.5020475,-0.0143393
MsgID.ATTITUDE,27625,-0.4271103,-0.9394286,0.0226747,0.8724730535688943,-0.1839553719648614,-0.4444634971858417,-0.08604296363311978
MsgID.LOCAL_POSITION,27672,0.4987562,-0.5018854,-0.0147477
MsgID.ATTITUDE,27725,-0.6290442,-0.9301482,0.0107505,0.8506764473317294,-0.2742077356934327,-0.42796823276733065,-0.13417485376535976
MsgID.LOCAL_POSITION,27772,0.4990358,-0.5015260,-0.0152394
MsgID.ATTITUDE,27825,-0.7091631,-0.8968254,0.0102609,0.8458394890624615,-0.31078277471586413,-0.40816605761174374,-0.1461851397924872
MsgID.LOCAL_POSITION,27872,0.4988303,-0.5026721,-0.0151944
MsgID.ATTITUDE,27925,-0.5221204,-1.1894968,0.0148067,0.8012731769644954,-0.20977228371599074,-0.5428835083598116,-0.13868807163107028
MsgID.LOCAL_POSITION,27972,0.4990282,-0.5020719,-0.0141134
MsgID.LOCAL_VELOCITY,27983,-0.0085606,-0.0045210,0.0057887
MsgID.ATTITUDE,28025,-0.4696215,-1.1180038,0.0189929,0.825654832210154,-0.19233773573531457,-0.5176367593169268,-0.11555292667909668
MsgID.LOCAL_POSITION,28072,0.4989404,-0.5020392,-0.0118802
MsgID.ATTITUDE,28125,-0.1152743,-1.1235231,0.0242674,0.845222836798479,-0.042296306091456175,-0.532345704210411,-0.020431100167905707
MsgID.LOCAL_POSITION,28172,0.5003613,-0.5021520,-0.0159844
MsgID.ATTITUDE,28225,-0.5570682,-1.0336454,0.0253887,0.8375439004362555,-0.23298687220727746,-0.4780727265130365,-0.12523498067826308
MsgID.LOCAL_POSITION,28272,0.4993301,-0.5020182,-0.0233596
MsgID.ATTITUDE,28325,-0.5210083,-1.2079546,0.0207352,0.7967864840715663,-0.2062990873838252,-0.5509275236353358,-0.13802481315513201
MsgID.LOCAL_POSITION,28372,0.4996992,-0.5019577,-0.0167729
MsgID.ATTITUDE,28425,-0.4276409,-1.5242269,0.0153882,0.7080114892943493,-0.14830128546974516,-0.6758894441787573,-0.14106707270993224
MsgID.LOCAL_POSITION,28472,0.4994327,-0.5019999,-0.0186608
MsgID.LOCAL_VELOCITY,28483,-0.0005130,0.0199482,0.0077852
MsgID.ATTITUDE,28525,-0.3908927,-0.9925621,0.0251283,0.8637111313824317,-0.16489350439732386,-0.4692017133666486,-0.08162699251749102
MsgID.LOCAL_POSITION,28572,0.4991605,-0.5019789,-0.0173948
MsgID.ATTITUDE,28625,-0.4884422,-1.1503981,0.0241473,0.8157137945265425,-0.19650322527502823,-0.5302702008510026,-0.12170046000347909
MsgID.LOCAL_POSITION,28672,0.4996291,-0.5021315,-0.0147792
MsgID.ATTITUDE,28725,-0.1648104,-0.9851291,0.0326749,0.8786517223686663,-0.06481810306138937,-0.47240440134540695,-0.02457327580090002
MsgID.LOCAL_POSITION,28772,0.4995117,-0.5019373,-0.0149823
MsgID.ATTITUDE,28825,-0.4064042,-1.0771925,0.0188863,0.8417076798710963,-0.16848505226981006,-0.5039916070944456,-0.09556897397175318
MsgID.LOCAL_POSITION,28872,0.4994952,-0.5013267,-0.0220558
MsgID.ATTITUDE,28925,-0.1203077,-1.2692848,0.0058846,0.8039286293938538,-0.04667022012234579,-0.591957121301709,-0.033277859529203126
MsgID.LOCAL_POSITION,28972,0.4999178,-0.5020814,-0.0228200
MsgID.LOCAL_VELOCITY,28983,0.0009736,-0.0024123,0.0036276
MsgID.ATTITUDE,29025,-0.5204194,-1.0478503,0.0172476,0.8377927175145026,-0.2185944642338638,-0.48534425032253015,-0.12149395608356842
MsgID.LOCAL_POSITION,29072,0.5005188,-0.5018963,-0.0160318
MsgID.ATTITUDE,29125,-0.4114608,-1.1365706,0.0201460,0.8261171546229504,-0.16685870805913433,-0.528545904108477,-0.10162600864281499
MsgID.LOCAL_POSITION,29172,0.4989879,-0.5022163,-0.0168846
MsgID.ATTITUDE,29225,-0.4516900,-1.3098794,0.0203323,0.7742911363270514,-0.17155127980751075,-0.5954179459513522,-0.1285335140764503
MsgID.LOCAL_POSITION,29272,0.4995450,-0.5013431,-0.0136075
MsgID.ATTITUDE,29325,-0.6284035,-1.2776928,-0.2394100,0.7360122291071431,-0.3140510181081544,-0.5333916404277133,-0.27413740086277744
MsgID.LOCAL_POSITION,29372,0.5000192,-0.4999062,-0.0120631
MsgID.ATTITUDE,29425,-5.0800056,-3.6722109,-6.8417292,-0.05724827038047933,-0.36195730335043375,-0.7238603796643497,0.5845816425803236
MsgID.LOCAL_POSITION,29472,0.5287251,-0.5324118,-0.0182097
MsgID.LOCAL_VELOCITY,29483,0.2184307,0.2036395,0.1854979
MsgID.ATTITUDE,29525,-0.5061578,-1.6114322,-11.0217152,0.6063254971319113,0.3630956754851786,-0.6212302188285608,0.33853203273238563
MsgID.LOCAL_POSITION,29572,0.5457396,-0.5448210,-0.1231266
MsgID.ATTITUDE,29625,3.3977077,3.7851992,-14.9902563,-0.8667782223467262,-0.22360230361776023,0.25115738086141076,-0.3682628044224888
MsgID.LOCAL_POSITION,29672,0.5506822,-0.5470445,-0.2686228
MsgID.ATTITUDE,29725,1.4488243,3.3697405,-9.3450861,0.6612613296260977,-0.7404263668099207,-0.1050109267074835,-0.058948745074187014
MsgID.LOCAL_POSITION,29772,0.5113959,-0.5507624,-0.4142593
MsgID.ATTITUDE,29825,1.4835938,-1.6938970,-9.0725250,-0.583933522394382,0.46545339036917166,0.5373082513449223,0.39201355315166725
MsgID.LOCAL_POSITION,29872,0.4665140,-0.5395777,-0.5482173
MsgID.ATTITUDE,29925,-1.4652591,-5.1666698,-7.9100504,0.6906345483886334,-0.10357810891094943,0.6827582348026557,-0.21479452678227529
MsgID.LOCAL_POSITION,29972,0.4667973,-0.5311377,-0.6584947
MsgID.LOCAL_VELOCITY,29983,-0.2213454,-0.1240541,1.0480796
MsgID.ATTITUDE,30025,-1.7405332,-6.2577324,-7.3060021,0.5668631535675912,-0.6626187509382501,0.38127490604641145,-0.30697231479685416
MsgID.LOCAL_POSITION,30072,0.4807852,-0.5280937,-0.7605602
MsgID.ATTITUDE,30125,-1.0385067,-2.5742757,-6.6188841,-0.15997658123294206,0.27617426015409097,0.7985799482747088,0.5102992628829911
MsgID.LOCAL_POSITION,30172,0.4866010,-0.5321890,-0.8770194
MsgID.ATTITUDE,30225,-0.5766897,1.0414554,-6.0498180,-0.8095196979889772,0.3005264874671161,-0.44501116813746905,-0.23733257073448188
MsgID.LOCAL_POSITION,30272,0.4970670,-0.5185668,-0.9927452
MsgID.ATTITUDE,30325,-0.2832555,0.0036401,-5.6030240,-0.9332015030594776,0.13367131702689117,0.04538531012776531,-0.33046498652116657
MsgID.LOCAL_POSITION,30372,0.4903999,-0.4933342,-1.1035575
MsgID.ATTITUDE,30425,-0.6251577,1.7688867,-5.6541610,-0.4998440822606975,0.4130260485096011,-0.639685954133234,-0.4127556865340073
MsgID.LOCAL_POSITION,30472,0.4654276,-0.4645747,-1.2102375
MsgID.LOCAL_VELOCITY,30483,-0.0651853,-0.2005868,0.9834156
MsgID.ATTITUDE,30525,-2.2217939,1.7933519,-5.7800584,-0.09407681619318334,0.6280638494843718,-0.19661879347968386,-0.7470116489563062
MsgID.LOCAL_POSITION,30572,0.4052924,-0.4241365,-1.3059607
MsgID.ATTITUDE,30625,-3.6069586,-1.3411553,-5.9952331,0.09202804045578719,0.7750218211842063,-0.03243298385382455,0.6243557623795281
MsgID.LOCAL_POSITION,30672,0.3400305,-0.4101765,-1.4112384
MsgID.ATTITUDE,30725,-3.2513685,-4.2473464,-6.6756024,0.13740123498003584,-0.5233878200845299,0.05643115630085996,0.8390480409438262
MsgID.LOCAL_POSITION,30772,0.2975107,-0.3950802,-0.5973420
MsgID.ATTITUDE,30825,-5.0187392,-7.8145156,-7.7890224,-0.704401491059627,0.07140830943517429,0.6992505252922961,0.09883367652289626
MsgID.LOCAL_POSITION,30872,0.3629820,-0.3796243,-0.6194374
MsgID.ATTITUDE,30925,-6.9977531,-6.2322187,-13.0774717,0.9083835750671169,-0.33222915748872905,0.11147182632869562,-0.22811641632630889
MsgID.LOCAL_POSITION,30972,0.3425586,-0.3878970,-0.7407957
MsgID.LOCAL_VELOCITY,30983,0.0286337,0.0312119,0.8482906
MsgID.ATTITUDE,31025,-1.9524677,-0.0513283,-16.5592060,-0.25056198725948575,0.3288284984113996,0.7601727325655314,-0.5012264217266829
MsgID.LOCAL_POSITION,31072,0.2506257,-0.3270749,-0.8305404
MsgID.ATTITUDE,31125,1.5407293,2.0442278,-15.5846844,-0.5699889203340158,0.633525077404991,-0.3248066701331521,-0.4101941418797654
MsgID.LOCAL_POSITION,31172,0.3362961,-0.3310778,-0.9578075
MsgID.ATTITUDE,31225,0.4443224,0.9289361,-11.9046907,0.8568551510209698,0.044378531545820804,0.4772346170928432,0.1899392438515929
MsgID.LOCAL_POSITION,31272,0.2991292,-0.3244967,-1.0707175
MsgID.ATTITUDE,31325,-4.0478921,-5.4202690,-8.2743807,0.09914837005131019,-0.597898997363416,0.5856633539967145,0.538223768941236
MsgID.LOCAL_POSITION,31372,0.3713111,-0.3564079,-1.2330948
MsgID.ATTITUDE,31425,-9.3845301,-4.4520936,-11.1758308,-0.4984044702517162,-0.478040209826889,-0.3780195418113579,0.6165807066641813
MsgID.LOCAL_POSITION,31472,0.1627435,-0.3306090,-0.1754108
MsgID.LOCAL_VELOCITY,31483,-0.2737858,0.3683045,-0.8587764
MsgID.ATTITUDE,31525,-17.3835258,7.8451548,3.8020246,0.27445223920723083,-0.648991989761937,0.2799068942650358,0.6520256867347183
MsgID.LOCAL_POSITION,31572,0.1527770,-0.3368915,-0.1418262
MsgID.ATTITUDE,31625,-34.3843536,8.4827261,14.2854004,-0.6468876240531801,-0.35350699379194084,-0.29217437684482694,0.6092645900611273
MsgID.LOCAL_POSITION,31672,0.1130082,-0.4191540,-0.2245363
MsgID.ATTITUDE,31725,-99.4224777,8.4207563,18.8092003,0.3997626371273828,0.26823771442544286,0.7401247352862781,-0.4695250139600573
MsgID.LOCAL_POSITION,31772,0.0569382,-0.6236635,-0.1519821
MsgID.ATTITUDE,31825,162.9032745,19.4323215,20.3296528,0.6445995830253617,-0.34971983365429493,0.0594534517438122,0.6772390291382271
MsgID.LOCAL_POSITION,31872,-0.0286479,-0.9508951,-0.1147744
MsgID.ATTITUDE,31925,22.1740875,12.9455881,52.2636185,-0.10930026680227478,-0.5436453625440952,-0.8131275536754795,0.1769936521883791
MsgID.LOCAL_POSITION,31972,-0.3250270,-1.4564315,-0.1959030
MsgID.LOCAL_VELOCITY,31983,0.0279868,2.6265969,2.0795350
MsgID.ATTITUDE,32025,-79.9291840,-8.9030447,-4.4966784,0.47480836385298264,-0.6060853323959305,0.23333645615487159,-0.5939458609156677
MsgID.LOCAL_POSITION,32072,-0.4073540,-1.8201404,-0.1594609
MsgID.ATTITUDE,32125,-109.6105042,62.4336281,-75.8018265,-0.12589642365708356,0.9528877529112817,-0.1602692034410787,0.22465262805141298
MsgID.LOCAL_POSITION,32172,-0.6916921,-2.5144994,-0.3841281
MsgID.ATTITUDE,32225,31.2143307,-12.6725407,140.7861938,-0.29181756521550584,-0.021547330147171764,0.11144473839552234,-0.9497148474564228
MsgID.LOCAL_POSITION,32272,-1.1418841,-2.5769804,-0.3395673
MsgID.ATTITUDE,32325,-44.4089355,-10.4900827,119.6151123,0.4715564227504548,-0.2052986540039911,0.8235703953783652,0.2392045289773317
MsgID.LOCAL_POSITION,32372,-0.8422406,-0.7659049,-0.0416301
MsgID.ATTITUDE,32425,-145.2061310,10.3196192,103.5334091,-0.33367233395527474,-0.8357395131028411,0.20549799262082008,-0.38467234735587513
MsgID.LOCAL_POSITION,32472,-1.6466793,-0.5388237,0.0745332
MsgID.LOCAL_VELOCITY,32483,-0.3189669,-0.4813178,0.5494540
MsgID.ATTITUDE,32525,63.0297203,-1.0268897,159.2991028,-0.34218834190342845,-0.47601855703860063,0.14040465722425305,-0.7978721728760885
MsgID.LOCAL_POSITION,32572,-1.7690321,-0.5405788,-0.0012434
MsgID.ATTITUDE,32625,-121.2942200,-41.5661201,40.4155083,-0.7038670239769522,-0.5876830218606062,-0.16983494370454327,0.36104843203023285
MsgID.LOCAL_POSITION,32672,-1.8279048,-0.5350817,-0.0411243
MsgID.ATTITUDE,32725,-84.5341873,55.4620476,-10.8194847,0.47126496947979535,-0.486967931684564,-0.6971100021913663,-0.23411366234549136
MsgID.LOCAL_POSITION,32772,-1.9747329,-0.4878490,-0.1548479
MsgID.ATTITUDE,32825,34.0025444,48.8199997,-94.9145432,0.4023126970654951,0.6222966667785996,-0.40725968508201255,0.5338828534454275
MsgID.LOCAL_POSITION,32872,-2.0377107,-0.6909050,-0.2561763
MsgID.ATTITUDE,32925,31.2914581,-1.8520979,-107.6084061,0.5339255515322315,-0.34299865348488845,-0.7211665892882525,-0.27783840559379935
MsgID.LOCAL_POSITION,32972,-2.0598340,0.0228578,-0.0019400
MsgID.LOCAL_VELOCITY,32983,0.8164653,-0.8440979,-0.5766369
MsgID.ATTITUDE,33025,-99.2823257,-71.9887772,94.9061737,-0.08476050993627267,0.33381192974055873,-0.7356842340676989,0.5832271935210586
MsgID.LOCAL_POSITION,33072,-2.0724077,-0.0421399,-0.0016547
MsgID.ATTITUDE,33125,-129.8150940,-33.2815437,127.9123459,-0.5097497842115631,0.5755562752326455,0.3023885002584774,0.5634281910306023
MsgID.LOCAL_POSITION,33172,-2.6114926,0.3097449,-0.1031629
MsgID.ATTITUDE,33225,140.7942657,46.9858627,-150.1060791,-0.34206914126519516,0.0339017723959801,-0.28964412871253253,0.89327803685351
MsgID.LOCAL_POSITION,33272,-2.5148456,0.3350661,0.0027942
MsgID.ATTITUDE,33325,76.0015869,15.2167025,-55.5707359,-0.34035320931508967,0.3712529936394414,-0.851585081424199,0.1453745394435082
MsgID.LOCAL_POSITION,33372,-2.5607190,0.4030282,-0.0254910
MsgID.ATTITUDE,33425,78.1596146,23.6887836,-53.3512154,0.6526727664434983,-0.10424708095806343,-0.7401792670011159,-0.12363437530235971
MsgID.LOCAL_POSITION,33472,-2.5984266,0.4718288,-0.0061436
MsgID.LOCAL_VELOCITY,33483,-0.1807302,-0.3357571,0.4179732
MsgID.ATTITUDE,33525,77.8914413,24.5791264,-53.3225098,0.2717710649555997,-0.04843143301156505,-0.9146903314001383,-0.29518889239341384
MsgID.LOCAL_POSITION,33572,-2.6172087,0.4864967,-0.0025898
MsgID.ATTITUDE,33625,77.1631546,24.9225616,-52.8332672,0.25647452232341866,0.1534333684922941,-0.7555092358698032,-0.5829964110931629
MsgID.LOCAL_POSITION,33672,-2.6322265,0.4972259,-0.0057061
MsgID.ATTITUDE,33725,74.4869156,24.9164524,-51.5162354,0.6959680159301495,-0.41142111161582023,0.17752279339631974,-0.5611121523758167
MsgID.LOCAL_POSITION,33772,-2.6532300,0.5012518,-0.0255830
MsgID.ATTITUDE,33825,68.9530716,24.2222481,-48.9720764,-0.7358756633858498,-0.20608199822938936,0.3935299731155322,-0.5110297235013889
MsgID.LOCAL_POSITION,33872,-2.6041174,0.4720857,-0.0819033
MsgID.ATTITUDE,33925,60.1810608,23.1224174,-45.0607491,0.30877947604384215,0.5514408028282191,-0.09094880394762458,0.7696080763679367
MsgID.LOCAL_POSITION,33972,-2.3361678,0.3036261,-0.1023422
MsgID.LOCAL_VELOCITY,33983,-0.2221274,-0.4670515,0.8181946
MsgID.ATTITUDE,34025,43.0171432,18.1681404,-38.9274178,0.5929584896675278,-0.5280324645883547,0.010147182801750365,-0.6078478268062987
MsgID.LOCAL_POSITION,34072,-1.2980704,-0.3655380,0.0482340
MsgID.ATTITUDE,34125,49.8650513,2.7575111,-39.9262314,0.2577472102351802,0.8464286430015538,0.4587573366033452,-0.08164945826602123
MsgID.LOCAL_POSITION,34172,-0.9526768,-0.5506824,-0.0506246
MsgID.ATTITUDE,34225,38.9823685,10.6432257,-39.5646362,0.6673120221218454,-0.32375511829292924,-0.6664211659968915,-0.07589544137910159
MsgID.LOCAL_POSITION,34272,-0.9741548,-0.5305410,-0.0897892
MsgID.ATTITUDE,34325,31.5916252,10.9422102,-38.4705391,-0.6589403243029883,0.21605076138626148,0.6925177738532274,0.1988437839341709
MsgID.LOCAL_POSITION,34372,-0.9439660,-0.5814752,-0.0501224
MsgID.ATTITUDE,34425,21.5916023,8.3966541,-37.0992317,0.3453823147277669,0.4093666332945193,0.3074788820547752,-0.7865028628738397
MsgID.LOCAL_POSITION,34472,-0.9132332,-0.5963977,-0.0087462
MsgID.LOCAL_VELOCITY,34483,-0.0616959,-0.0624419,0.0547812
MsgID.ATTITUDE,34525,11.5537014,-4.7328382,-48.2364349,-0.041611054315288554,0.702670391118505,-0.028978845782128004,-0.7097063252509962
MsgID.LOCAL_POSITION,34572,-0.8756483,-0.5697343,-0.0034916
MsgID.ATTITUDE,34625,16.4727097,0.4781824,-58.6055946,0.3752931157529575,-0.389555752648858,0.8176537967982302,-0.1970879535335872
MsgID.LOCAL_POSITION,34672,-0.9142999,-0.5434588,-0.1155970
MsgID.ATTITUDE,34725,13.9488392,-6.3184199,-61.7660789,-0.6578226655203122,-0.5559070311928515,-0.31211733963793814,-0.40102304135228634
MsgID.LOCAL_POSITION,34772,-0.9269052,-0.5432041,-0.1118787
MsgID.ATTITUDE,34825,9.7839184,-4.9375343,-64.2792892,-0.5107015007491218,0.5029105644108748,-0.5929445975140185,-0.366989980265768
MsgID.LOCAL_POSITION,34872,-0.9198889,-0.5612935,-0.0547389
MsgID.ATTITUDE,34925,11.4477606,-3.6953003,-64.6127167,-0.5424954748701464,-0.5425703892458481,-0.6256523156979807,-0.14097947482090223
MsgID.LOCAL_POSITION,34972,-0.9400812,-0.5538595,-0.0543736
MsgID.LOCAL_VELOCITY,34983,0.0191540,-0.1801583,-0.0630929
MsgID.ATTITUDE,35025,8.5817289,-2.4503868,-65.3899689,-0.8621026787392548,0.27978736126235126,0.4067704780344792,-0.11417434908092511
MsgID.LOCAL_POSITION,35072,-0.9426082,-0.5603434,-0.0390985
MsgID.ATTITUDE,35125,8.8415155,-2.8633187,-65.3148041,-0.910444468454666,0.22647720920891795,0.21777828038468133,-0.2690196352720963
MsgID.LOCAL_POSITION,35172,-0.9359708,-0.5510498,-0.0480317
MsgID.ATTITUDE,35225,11.8111954,3.1322396,-63.4941788,0.12398297720890494,0.3006050265196322,0.8796001444993752,0.3472296433057319
MsgID.LOCAL_POSITION,35272,-0.9446717,-0.5743007,-0.0574480
MsgID.ATTITUDE,35325,22.3655491,2.0442898,-57.7448540,-0.5522455836104992,0.33406246172770065,-0.4197586709464434,-0.6381455517453705
MsgID.LOCAL_POSITION,35372,-0.9633119,-0.5647323,-0.0836213
MsgID.ATTITUDE,35425,11.2325506,5.1166773,-59.4420128,-0.2568513105742812,-0.49333004432653227,0.45874987129302286,-0.6929656753474093
MsgID.LOCAL_POSITION,35472,-0.9543760,-0.5711694,-0.0740987
MsgID.LOCAL_VELOCITY,35483,0.0245218,0.0498409,-0.1010598
MsgID.ATTITUDE,35525,8.0746946,6.0109444,-65.5528641,0.2328488662160758,0.07852019390510442,-0.7741226266235024,-0.5833953578839328
MsgID.LOCAL_POSITION,35572,-0.9518499,-0.5563079,-0.0878648
MsgID.ATTITUDE,35625,2.6135306,5.0058980,-61.6905594,0.13450774585726025,-0.7363051838990257,-0.28776169747991387,-0.5974575699840945
MsgID.LOCAL_POSITION,35672,-0.9270067,-0.5432643,-0.0344494
MsgID.ATTITUDE,35725,-3.8050508,-1.9907287,-59.0093765,0.8068717210361043,-0.08574598857379695,-0.5762303254503356,0.0977970514235354
MsgID.LOCAL_POSITION,35772,-0.8944916,-0.5003583,0.0024679
MsgID.ATTITUDE,35825,-10.0613804,-37.4215469,-45.2508812,-0.1717959131465478,-0.7833305634493889,0.5225558979631473,0.289507730632768
MsgID.LOCAL_POSITION,35872,-0.8990648,-0.5130341,0.0006961
MsgID.ATTITUDE,35925,-8.2596798,-33.0252686,-45.3299484,0.077399769343794,0.6998180432145525,-0.051481663886601525,0.7082468640102467
MsgID.LOCAL_POSITION,35972,-0.9005253,-0.5107965,-0.0686610
MsgID.LOCAL_VELOCITY,35983,-0.0455760,-0.0378411,0.3804190
MsgID.ATTITUDE,36025,-5.4628234,-30.3744030,-42.3679314,-0.693424397727609,0.09037062085407896,-0.5653947770177244,-0.4374065633293912
MsgID.LOCAL_POSITION,36072,-0.8932768,-0.5044286,-0.1351480
MsgID.ATTITUDE,36125,-14.6848764,-27.1218452,-49.8555832,0.40995611835254464,-0.3816462681613114,-0.49857939271731166,-0.6615895224242109
MsgID.LOCAL_POSITION,36172,-0.8930190,-0.5042211,-0.1869525
MsgID.ATTITUDE,36225,-22.4800186,-33.7760353,-53.8071938,-0.8609301378213893,0.2927444271793606,0.31771323862106615,0.268622962814398
MsgID.LOCAL_POSITION,36272,-0.8750036,-0.4918798,-0.2347523
MsgID.ATTITUDE,36325,-26.7249012,-36.7925034,-56.8581238,-0.6695838445741166,0.5875604017579273,-0.40169237017009995,-0.2123051792079878
MsgID.LOCAL_POSITION,36372,-0.8294902,-0.4729227,-0.2681603
MsgID.ATTITUDE,36425,-26.7976608,-39.9219666,-57.2026176,-0.06969575084190732,0.5043098052090096,0.46599962376926696,0.7236425038176898
MsgID.LOCAL_POSITION,36472,-0.7589707,-0.4250538,-0.3098458
MsgID.LOCAL_VELOCITY,36483,0.8465951,0.2966924,0.7597005
MsgID.ATTITUDE,36525,-27.5977364,-41.7087975,-58.0427322,0.6839230989920577,-0.08647701283838219,0.4904751049028646,0.5331088935538163
MsgID.LOCAL_POSITION,36572,-0.6477969,-0.3779109,-0.3355023
MsgID.ATTITUDE,36625,-27.5967255,-41.8228836,-58.0645142,0.6855484559022151,-0.1215589316456544,0.51860189662363,0.49628501243300654
MsgID.LOCAL_POSITION,36672,-0.5171208,-0.3241763,-0.3945636
MsgID.ATTITUDE,36725,-23.8009624,-40.9956551,-54.1707840,0.5942253348372882,-0.709723513948286,0.33652402778255464,-0.17303284055755436
MsgID.LOCAL_POSITION,36772,-0.3705492,-0.2663661,-0.4543006
MsgID.ATTITUDE,36825,-21.4150486,-41.1979828,-51.4182129,0.5565353021605758,0.0095096023712202,0.3272467972144163,0.7636017015595791
MsgID.LOCAL_POSITION,36872,-0.2358697,-0.2088458,-0.5256953
MsgID.ATTITUDE,36925,-16.1708508,-35.6387444,-46.6483307,-0.7832441305967814,0.30913152835124913,-0.440518752222742,-0.3113030019210084
MsgID.LOCAL_POSITION,36972,-0.1623485,-0.1880875,-0.6166474
MsgID.LOCAL_VELOCITY,36983,1.5407659,0.5240974,1.2350165
MsgID.ATTITUDE,37025,-11.7696047,-32.4933624,-42.2399750,0.35718416429164246,0.5761961731577534,-0.04973350339664778,0.7334466725383224
MsgID.LOCAL_POSITION,37072,-0.0954968,-0.1688092,-0.7084003
MsgID.ATTITUDE,37125,-9.6551371,-26.7004910,-40.5537224,0.7057812909916488,0.02029208786688874,-0.7078638937159271,0.019741034154539497
MsgID.LOCAL_POSITION,37172,-0.0687010,-0.1713283,-0.7963595
MsgID.ATTITUDE,37225,-6.6713948,-21.8067646,-36.9135933,0.15696668459355184,0.3575512031207198,-0.9094540330733736,-0.14287042661520022
MsgID.LOCAL_POSITION,37272,0.5010760,-0.5008203,-1.1721339
MsgID.ATTITUDE,37325,-3.7837524,-0.5148808,2.7283137,0.17383814751857898,-0.266912937612803,-0.8816166807633381,-0.34826686664402473
MsgID.LOCAL_POSITION,37372,0.5017197,-0.5113404,-1.0198463
MsgID.ATTITUDE,37425,-5.7720685,5.6141820,9.5483637,0.1392671221626842,-0.3022846816522289,-0.25793425961810784,-0.9070273191245086
MsgID.LOCAL_POSITION,37472,0.4740923,-0.4800981,-0.5806247
MsgID.LOCAL_VELOCITY,37483,-0.2951917,0.0254570,-1.0756066
MsgID.ATTITUDE,37525,-6.6463714,1.1376387,15.1485882,-0.13526644259690046,0.5511990501746356,-2.085893735265243e-06,-0.8233362597319567
MsgID.LOCAL_POSITION,37572,0.4314672,-0.4297976,-0.7129827
MsgID.ATTITUDE,37625,-14.9942074,-8.9498014,16.6928596,-0.7636245918053418,-0.4034196505297363,0.033714135340025875,-0.5029845180866556
MsgID.LOCAL_POSITION,37672,0.4166344,-0.3857524,-0.6531773
MsgID.ATTITUDE,37725,-28.5853806,-22.3718929,16.9641476,-0.7677195126790127,0.23291735941181907,-0.06188939937424166,-0.5937389626608821
MsgID.LOCAL_POSITION,37772,0.4302914,-0.4128502,-0.3673513
MsgID.ATTITUDE,37825,-41.4049988,-30.6461143,13.1207533,0.34688461503339485,0.8275987221259559,0.34415218602855346,-0.27624389919125186
MsgID.LOCAL_POSITION,37872,0.4467438,-0.4932198,-0.2945386
MsgID.ATTITUDE,37925,-62.0330315,-40.9293900,3.3375537,-0.38263497888570097,0.9176565734625056,0.07288009285828123,-0.07864717527769662
MsgID.LOCAL_POSITION,37972,0.5025684,-0.6932892,-0.1347573
MsgID.LOCAL_VELOCITY,37983,2.4969511,2.4913583,0.2270478
MsgID.ATTITUDE,38025,-80.3530960,-48.2356415,-5.2622719,0.6183639881713805,-0.04299845533859409,0.7425277265573892,-0.25383003420555794
MsgID.LOCAL_POSITION,38072,0.4928900,-0.8576323,-0.0000000
MsgID.ATTITUDE,38125,-92.0587540,-50.4396515,-10.6588345,-0.20123570308644706,-0.5447914459078158,-0.6990096395172286,-0.417243329642271
MsgID.LOCAL_POSITION,38172,0.4986311,-0.8639837,-0.0038143
MsgID.ATTITUDE,38225,-103.4460754,-35.4689865,-28.0106850,0.8909833903206232,0.043105645860842645,0.44684515650573725,0.0679699019791177
MsgID.LOCAL_POSITION,38272,0.5160235,-0.8782089,-0.0000000
MsgID.ATTITUDE,38325,-105.5782166,-26.9229374,-29.5423660,-0.06223319648243031,0.7270305068476838,-0.08479284609697496,0.6785011751052122
MsgID.LOCAL_POSITION,38372,0.5089121,-0.8547876,-0.0000000
MsgID.ATTITUDE,38425,-108.4704437,-18.0658913,-33.5721931,-0.5434729361156565,0.09448926544394873,-0.7220215186962777,0.4176049244982766
MsgID.LOCAL_POSITION,38472,0.5223990,-0.8963759,-0.0000000
MsgID.LOCAL_VELOCITY,38483,0.0000000,0.0000000,0.0000000
MsgID.ATTITUDE,38525,-117.6847153,-13.9347696,-36.3249779,-0.09571240902530515,-0.7144776633037132,-0.04531600493524024,-0.6915976164615866
MsgID.LOCAL_POSITION,38572,0.6453961,-1.2587026,-0.0000000
MsgID.ATTITUDE,38625,-129.7271881,-14.1206703,-30.2864704,-0.06826474278622663,0.7063023748584559,0.07823883393481962,0.7002539289615985
MsgID.LOCAL_POSITION,38672,0.7834710,-1.6851218,-0.0000000
MsgID.ATTITUDE,38725,-139.1437836,-13.3664007,-7.8459249,-0.46585894750848844,0.5345857554239574,-0.038015943112183787,0.7040939562255676
MsgID.LOCAL_POSITION,38772,1.0007430,-2.4207842,-0.0000000
MsgID.ATTITUDE,38825,-138.4761200,-15.0279312,35.1642761,-0.011523647424588404,-0.905122933006434,-0.24045846852684222,-0.3504274626931939
MsgID.LOCAL_POSITION,38872,0.8725765,-2.1100345,-0.2796691
MsgID.ATTITUDE,38925,-135.0096893,-12.0285568,77.3744354,0.20077009101044072,0.5388225494473993,0.7985945354930342,-0.17778750980687485
MsgID.LOCAL_POSITION,38972,0.7548968,-1.9193754,-0.3823051
MsgID.LOCAL_VELOCITY,38983,-0.5167333,-0.6478878,0.6952003
MsgID.ATTITUDE,39025,-132.8809052,-12.3457842,103.8122406,0.11136787992257152